#ChipScope Pro Analyzer Project File, Version 3.0
#Fri Oct 18 13:12:11 IST 2019
mdiAreaHeight=0.684995340167754
mdiAreaHeightLast=0.6999068033550793
mdiCount=0
navigatorHeight=0.1798695246971109
navigatorHeightLast=0.1798695246971109
navigatorWidth=0.1799252536038441
navigatorWidthLast=0.1799252536038441
signalDisplayPath=0
unit.-1.-1.username=
